Expert(Sto) Return Avg: 13155.71, std: 214.09
array([13239.338, 13297.742, 13278.144, 12851.807, 13331.993, 13127.031,
       13352.434, 13313.338, 13521.35 , 13193.612, 13100.415, 12853.855,
       13233.86 , 13359.472, 12851.307, 13358.685, 12890.929, 13127.453,
       13366.717, 12782.387, 13461.347, 12774.804, 13020.622, 13151.568,
       13193.938, 13242.581, 13191.951, 13310.8  , 13349.051, 12954.478,
       13276.558, 13157.195, 13198.59 , 12972.277, 13261.371, 13034.405,
       13433.65 , 12830.278, 13448.338, 13563.024, 12894.1  , 13320.177,
       13216.667, 12718.995, 13023.61 , 12783.13 , 13221.085, 13416.11 ,
       13177.086, 13386.952, 12914.31 , 12682.415, 12918.651, 13293.236,
       13101.22 , 13152.419, 13259.206, 13165.135, 12945.937, 13230.621,
       13105.831, 13479.487, 12979.945, 13320.258])
Expert(Det) Return Avg: 14050.80, std: 327.08
array([14409.867, 14438.46 , 14418.911, 14211.308, 14236.137, 14132.482,
       13878.032, 14219.404, 14327.233, 14111.983, 13700.251, 14257.543,
       14253.257, 13801.922, 13903.803, 14234.789, 13563.142, 13660.903,
       14356.835, 14282.724, 14292.526, 13467.352, 14321.854, 13640.455,
       14256.134, 13872.051, 14350.706, 14418.519, 13435.406, 14111.312,
       14295.323, 13421.354, 13583.681, 13398.006, 14275.706, 13878.705,
       14403.54 , 13897.216, 14304.614, 13444.799, 14067.789, 14414.95 ,
       13987.935, 13925.295, 14286.326, 13965.248, 14286.096, 14429.828,
       14174.642, 13907.165, 13292.33 , 14173.207, 13642.172, 14090.238,
       14273.149, 13304.382, 14320.319, 14353.046, 13758.366, 14137.198,
       14250.503, 14057.589, 14337.335, 14348.004])
{'seed': 1, 'cuda': -1, 'env': {'env_name': 'HalfCheetah-v5', 'T': 1000, 'state_indices': 'all'}, 'sac': {'epochs': 3000, 'log_step_interval': 5000, 'update_every': 50, 'update_num': 1, 'random_explore_episodes': 10, 'batch_size': 100, 'lr': 0.001, 'alpha': 0.2, 'automatic_alpha_tuning': False, 'buffer_size': 1000000, 'num_test_episodes': 10}, 'expert': {'samples_episode': 64}, 'reward': {'use_bn': False, 'residual': False, 'hid_act': 'relu', 'hidden_sizes': [64, 64], 'clamp_magnitude': 10, 'path': 'expert_data/reward_models/halfcheetah/reward_model_itr592_det13333_sto12479.pkl'}}